Graph loaded 
P1_task1 --------------------------------------------------------------------------------
Plotting::::
++++++++++++++++++++++++++++++++++++++++++++++++++++++++++++++++++++++++++++++++++++++++++++++++
++++++++++++++++++++++++++++++++++++++++++++++++++++++++++++++++++++++++++++++++++++++++++++++++
++++++++++++++++++++++++++++++++++++++++++++++++++++++++++++++++++++++++++++++++++++++++++++++++

P1_task2 --------------------------------------------------------------------------------
Top two central nodes --------------------------------------------------------------------------------
Little-finger Varys
Using networkX library to plot- closeness centrality
++++++++++++++++++++++++++++++++++++++++++++++++++++++++++++++++++++++++++++++++++++++++++++++++
++++++++++++++++++++++++++++++++++++++++++++++++++++++++++++++++++++++++++++++++++++++++++++++++
++++++++++++++++++++++++++++++++++++++++++++++++++++++++++++++++++++++++++++++++++++++++++++++++

P1_task3 --------------------------------------------------------------------------------
(('6', '18'), 160)
Edge between Varys and Little-finger is the central one
Using networkX library to plot - Edge betweeness centrality
++++++++++++++++++++++++++++++++++++++++++++++++++++++++++++++++++++++++++++++++++++++++++++++++
++++++++++++++++++++++++++++++++++++++++++++++++++++++++++++++++++++++++++++++++++++++++++++++++
++++++++++++++++++++++++++++++++++++++++++++++++++++++++++++++++++++++++++++++++++++++++++++++++

P1_task4 --------------------------------------------------------------------------------
Adjancy Matrix:
[[0. 0. 0. 0. 0. 0. 1. 0. 0. 0. 0. 0. 0. 0. 0. 0. 0. 0.]
 [0. 0. 1. 0. 0. 1. 1. 0. 0. 0. 0. 0. 0. 0. 0. 0. 0. 0.]
 [0. 1. 0. 1. 0. 0. 1. 1. 0. 0. 0. 0. 0. 0. 0. 0. 0. 0.]
 [0. 0. 1. 0. 1. 1. 1. 1. 0. 0. 0. 0. 0. 0. 0. 0. 0. 0.]
 [0. 0. 0. 1. 0. 0. 1. 0. 0. 0. 0. 0. 0. 0. 0. 0. 0. 0.]
 [0. 1. 0. 1. 0. 0. 1. 0. 0. 0. 0. 0. 0. 0. 0. 0. 0. 1.]
 [1. 1. 1. 1. 1. 1. 0. 0. 0. 0. 0. 0. 0. 0. 0. 0. 0. 0.]
 [0. 0. 1. 1. 0. 0. 0. 0. 0. 0. 0. 0. 0. 0. 0. 0. 0. 0.]
 [0. 0. 0. 0. 0. 0. 0. 0. 0. 1. 1. 0. 0. 0. 0. 0. 0. 0.]
 [0. 0. 0. 0. 0. 0. 0. 0. 1. 0. 1. 0. 1. 0. 0. 0. 1. 1.]
 [0. 0. 0. 0. 0. 0. 0. 0. 1. 1. 0. 1. 1. 1. 1. 0. 1. 1.]
 [0. 0. 0. 0. 0. 0. 0. 0. 0. 0. 1. 0. 1. 0. 0. 0. 0. 0.]
 [0. 0. 0. 0. 0. 0. 0. 0. 0. 1. 1. 1. 0. 1. 0. 0. 0. 0.]
 [0. 0. 0. 0. 0. 0. 0. 0. 0. 0. 1. 0. 1. 0. 0. 1. 0. 0.]
 [0. 0. 0. 0. 0. 0. 0. 0. 0. 0. 1. 0. 0. 0. 0. 0. 0. 0.]
 [0. 0. 0. 0. 0. 0. 0. 0. 0. 0. 0. 0. 0. 1. 0. 0. 0. 0.]
 [0. 0. 0. 0. 0. 0. 0. 0. 0. 1. 1. 0. 0. 0. 0. 0. 0. 0.]
 [0. 0. 0. 0. 0. 1. 0. 0. 0. 1. 1. 0. 0. 0. 0. 0. 0. 0.]]
Laplacian Matrix==
[[ 1.  0.  0.  0.  0.  0. -1.  0.  0.  0.  0.  0.  0.  0.  0.  0.  0.  0.]
 [ 0.  3. -1.  0.  0. -1. -1.  0.  0.  0.  0.  0.  0.  0.  0.  0.  0.  0.]
 [ 0. -1.  4. -1.  0.  0. -1. -1.  0.  0.  0.  0.  0.  0.  0.  0.  0.  0.]
 [ 0.  0. -1.  5. -1. -1. -1. -1.  0.  0.  0.  0.  0.  0.  0.  0.  0.  0.]
 [ 0.  0.  0. -1.  2.  0. -1.  0.  0.  0.  0.  0.  0.  0.  0.  0.  0.  0.]
 [ 0. -1.  0. -1.  0.  4. -1.  0.  0.  0.  0.  0.  0.  0.  0.  0.  0. -1.]
 [-1. -1. -1. -1. -1. -1.  6.  0.  0.  0.  0.  0.  0.  0.  0.  0.  0.  0.]
 [ 0.  0. -1. -1.  0.  0.  0.  2.  0.  0.  0.  0.  0.  0.  0.  0.  0.  0.]
 [ 0.  0.  0.  0.  0.  0.  0.  0.  2. -1. -1.  0.  0.  0.  0.  0.  0.  0.]
 [ 0.  0.  0.  0.  0.  0.  0.  0. -1.  5. -1.  0. -1.  0.  0.  0. -1. -1.]
 [ 0.  0.  0.  0.  0.  0.  0.  0. -1. -1.  8. -1. -1. -1. -1.  0. -1. -1.]
 [ 0.  0.  0.  0.  0.  0.  0.  0.  0.  0. -1.  2. -1.  0.  0.  0.  0.  0.]
 [ 0.  0.  0.  0.  0.  0.  0.  0.  0. -1. -1. -1.  4. -1.  0.  0.  0.  0.]
 [ 0.  0.  0.  0.  0.  0.  0.  0.  0.  0. -1.  0. -1.  3.  0. -1.  0.  0.]
 [ 0.  0.  0.  0.  0.  0.  0.  0.  0.  0. -1.  0.  0.  0.  1.  0.  0.  0.]
 [ 0.  0.  0.  0.  0.  0.  0.  0.  0.  0.  0.  0.  0. -1.  0.  1.  0.  0.]
 [ 0.  0.  0.  0.  0.  0.  0.  0.  0. -1. -1.  0.  0.  0.  0.  0.  2.  0.]
 [ 0.  0.  0.  0.  0. -1.  0.  0.  0. -1. -1.  0.  0.  0.  0.  0.  0.  3.]]
Normalized Laplacian Matrix==
[[ 1.          0.          0.          0.          0.          0.
  -2.44948974  0.          0.          0.          0.          0.
   0.          0.          0.          0.          0.          0.        ]
 [ 0.          3.         -1.15470054  0.          0.         -1.15470054
  -1.41421356  0.          0.          0.          0.          0.
   0.          0.          0.          0.          0.          0.        ]
 [ 0.         -0.8660254   4.         -1.11803399  0.          0.
  -1.22474487 -0.70710678  0.          0.          0.          0.
   0.          0.          0.          0.          0.          0.        ]
 [ 0.          0.         -0.89442719  5.         -0.63245553 -0.89442719
  -1.09544512 -0.63245553  0.          0.          0.          0.
   0.          0.          0.          0.          0.          0.        ]
 [ 0.          0.          0.         -1.58113883  2.          0.
  -1.73205081  0.          0.          0.          0.          0.
   0.          0.          0.          0.          0.          0.        ]
 [ 0.         -0.8660254   0.         -1.11803399  0.          4.
  -1.22474487  0.          0.          0.          0.          0.
   0.          0.          0.          0.          0.         -0.8660254 ]
 [-0.40824829 -0.70710678 -0.81649658 -0.91287093 -0.57735027 -0.81649658
   6.          0.          0.          0.          0.          0.
   0.          0.          0.          0.          0.          0.        ]
 [ 0.          0.         -1.41421356 -1.58113883  0.          0.
   0.          2.          0.          0.          0.          0.
   0.          0.          0.          0.          0.          0.        ]
 [ 0.          0.          0.          0.          0.          0.
   0.          0.          2.         -1.58113883 -2.          0.
   0.          0.          0.          0.          0.          0.        ]
 [ 0.          0.          0.          0.          0.          0.
   0.          0.         -0.63245553  5.         -1.26491106  0.
  -0.89442719  0.          0.          0.         -0.63245553 -0.77459667]
 [ 0.          0.          0.          0.          0.          0.
   0.          0.         -0.5        -0.79056942  8.         -0.5
  -0.70710678 -0.61237244 -0.35355339  0.         -0.5        -0.61237244]
 [ 0.          0.          0.          0.          0.          0.
   0.          0.          0.          0.         -2.          2.
  -1.41421356  0.          0.          0.          0.          0.        ]
 [ 0.          0.          0.          0.          0.          0.
   0.          0.          0.         -1.11803399 -1.41421356 -0.70710678
   4.         -0.8660254   0.          0.          0.          0.        ]
 [ 0.          0.          0.          0.          0.          0.
   0.          0.          0.          0.         -1.63299316  0.
  -1.15470054  3.          0.         -0.57735027  0.          0.        ]
 [ 0.          0.          0.          0.          0.          0.
   0.          0.          0.          0.         -2.82842712  0.
   0.          0.          1.          0.          0.          0.        ]
 [ 0.          0.          0.          0.          0.          0.
   0.          0.          0.          0.          0.          0.
   0.         -1.73205081  0.          1.          0.          0.        ]
 [ 0.          0.          0.          0.          0.          0.
   0.          0.          0.         -1.58113883 -2.          0.
   0.          0.          0.          0.          2.          0.        ]
 [ 0.          0.          0.          0.          0.         -1.15470054
   0.          0.          0.         -1.29099445 -1.63299316  0.
   0.          0.          0.          0.          0.          3.        ]]
================================================================================================
Eigen Values Generated ================================================================================================
The eigen values are Real
For given lambda(approx)=9.039111324885434, we get error of L2_norm[( A-lambda).X - 0] =1.5182980938432853e-10
For given lambda(approx)=7.129883271905096, we get error of L2_norm[( A-lambda).X - 0] =8.445473882215436e-09
For given lambda(approx)=6.5057721217413835, we get error of L2_norm[( A-lambda).X - 0] =6.130992095141387e-08
For given lambda(approx)=6.271309750972952, we get error of L2_norm[( A-lambda).X - 0] =6.543877264242429e-08
For given lambda(approx)=4.651577876157009, we get error of L2_norm[( A-lambda).X - 0] =7.43535964357125e-07
For given lambda(approx)=4.55665289883236, we get error of L2_norm[( A-lambda).X - 0] =9.646987280329675e-07
For given lambda(approx)=4.265560911321411, we get error of L2_norm[( A-lambda).X - 0] =2.4660433022213337e-07
For given lambda(approx)=2.9504796743098782, we get error of L2_norm[( A-lambda).X - 0] =4.973457689796946e-08
For given lambda(approx)=2.6013633481871232, we get error of L2_norm[( A-lambda).X - 0] =6.578340075291264e-08
For given lambda(approx)=2.0000005338197013, we get error of L2_norm[( A-lambda).X - 0] =1.2519208847051327e-06
For given lambda(approx)=1.9286395713230704, we get error of L2_norm[( A-lambda).X - 0] =7.065918227288239e-07
For given lambda(approx)=1.7576443128882107, we get error of L2_norm[( A-lambda).X - 0] =2.5757588201302917e-07
For given lambda(approx)=1.5876021944869394, we get error of L2_norm[( A-lambda).X - 0] =5.665500375548735e-08
For given lambda(approx)=1.0362691075543147, we get error of L2_norm[( A-lambda).X - 0] =1.6504931392758589e-09
For given lambda(approx)=0.9474642980351164, we get error of L2_norm[( A-lambda).X - 0] =7.792685017857822e-10
For given lambda(approx)=0.6491390611637091, we get error of L2_norm[( A-lambda).X - 0] =5.854443258335929e-12
For given lambda(approx)=0.12152974241615154, we get error of L2_norm[( A-lambda).X - 0] =7.0029239766182116e-15
For given lambda(approx)=0.0, we get error of L2_norm[( A-lambda).X - 0] =1.135484635232772e-14
Generated Eigen Vectors ================================================================================================
++++++++++++++++++++++++++++++++++++++++++++++++++++++++++++++++++++++++++++++++++++++++++++++++
++++++++++++++++++++++++++++++++++++++++++++++++++++++++++++++++++++++++++++++++++++++++++++++++
++++++++++++++++++++++++++++++++++++++++++++++++++++++++++++++++++++++++++++++++++++++++++++++++

P1_TASK5 --------------------------------------------------------------------------------
smallest one: 0.0 [0.23570226 0.23570226 0.23570226 0.23570226 0.23570226 0.23570226
 0.23570226 0.23570226 0.23570226 0.23570226 0.23570226 0.23570226
 0.23570226 0.23570226 0.23570226 0.23570226 0.23570226 0.23570226]
second smallest one: 0.12152974241615154 [-0.2960552  -0.24646062 -0.27048116 -0.26007583 -0.27690165 -0.17887273
 -0.26007569 -0.28244098  0.2068688   0.18646789  0.202129    0.22522628
  0.22095186  0.24313206  0.23009202  0.27676755  0.2068688   0.07285959]
difference in eigen value(original/calculated/error): 0 0.0 0.0
difference in eigen vector(original/calculated/error): [1, 1, 1, 1, 1, 1, 1, 1, 1, 1, 1, 1, 1, 1, 1, 1, 1, 1] 
 [1.0, 1.000000000000004, 0.9999999999999998, 1.0000000000000029, 1.0000000000000018, 1.000000000000004, 1.000000000000004, 1.0000000000000018, 1.0000000000000109, 1.000000000000008, 1.000000000000014, 1.00000000000001, 1.000000000000006, 1.000000000000008, 1.000000000000012, 1.0000000000000089, 1.00000000000001, 1.0000000000000069] 
 3.178264289097912e-14
++++++++++++++++++++++++++++++++++++++++++++++++++++++++++++++++++++++++++++++++++++++++++++++++
++++++++++++++++++++++++++++++++++++++++++++++++++++++++++++++++++++++++++++++++++++++++++++++++
++++++++++++++++++++++++++++++++++++++++++++++++++++++++++++++++++++++++++++++++++++++++++++++++

P1_task6 --------------------------------------------------------------------------------
['9', '10', '11', '12', '13', '14', '15', '16', '17', '18']
['1', '2', '3', '4', '5', '6', '7', '8']
Showing the Graph
plotting done
Using K means clustering for the given problem ================================================================================================
[[0. 0. 0. 0. 0. 0. 1. 0. 0. 0. 0. 0. 0. 0. 0. 0. 0. 0.]
 [0. 0. 1. 0. 0. 1. 1. 0. 0. 0. 0. 0. 0. 0. 0. 0. 0. 0.]
 [0. 1. 0. 1. 0. 0. 1. 1. 0. 0. 0. 0. 0. 0. 0. 0. 0. 0.]
 [0. 0. 1. 0. 1. 1. 1. 1. 0. 0. 0. 0. 0. 0. 0. 0. 0. 0.]
 [0. 0. 0. 1. 0. 0. 1. 0. 0. 0. 0. 0. 0. 0. 0. 0. 0. 0.]
 [0. 1. 0. 1. 0. 0. 1. 0. 0. 0. 0. 0. 0. 0. 0. 0. 0. 1.]
 [1. 1. 1. 1. 1. 1. 0. 0. 0. 0. 0. 0. 0. 0. 0. 0. 0. 0.]
 [0. 0. 1. 1. 0. 0. 0. 0. 0. 0. 0. 0. 0. 0. 0. 0. 0. 0.]
 [0. 0. 0. 0. 0. 0. 0. 0. 0. 1. 1. 0. 0. 0. 0. 0. 0. 0.]
 [0. 0. 0. 0. 0. 0. 0. 0. 1. 0. 1. 0. 1. 0. 0. 0. 1. 1.]
 [0. 0. 0. 0. 0. 0. 0. 0. 1. 1. 0. 1. 1. 1. 1. 0. 1. 1.]
 [0. 0. 0. 0. 0. 0. 0. 0. 0. 0. 1. 0. 1. 0. 0. 0. 0. 0.]
 [0. 0. 0. 0. 0. 0. 0. 0. 0. 1. 1. 1. 0. 1. 0. 0. 0. 0.]
 [0. 0. 0. 0. 0. 0. 0. 0. 0. 0. 1. 0. 1. 0. 0. 1. 0. 0.]
 [0. 0. 0. 0. 0. 0. 0. 0. 0. 0. 1. 0. 0. 0. 0. 0. 0. 0.]
 [0. 0. 0. 0. 0. 0. 0. 0. 0. 0. 0. 0. 0. 1. 0. 0. 0. 0.]
 [0. 0. 0. 0. 0. 0. 0. 0. 0. 1. 1. 0. 0. 0. 0. 0. 0. 0.]
 [0. 0. 0. 0. 0. 1. 0. 0. 0. 1. 1. 0. 0. 0. 0. 0. 0. 0.]]
Group A: ['9', '10', '11', '12', '13', '14', '15', '16', '17', '18']
Group B: ['1', '2', '3', '4', '5', '6', '7', '8']
++++++++++++++++++++++++++++++++++++++++++++++++++++++++++++++++++++++++++++++++++++++++++++++++
++++++++++++++++++++++++++++++++++++++++++++++++++++++++++++++++++++++++++++++++++++++++++++++++
++++++++++++++++++++++++++++++++++++++++++++++++++++++++++++++++++++++++++++++++++++++++++++++++

P1_task7 --------------------------------------------------------------------------------
Be friend with  ['Sansa', 'Katelyn', 'Ned', 'Jon', 'Arya', 'Bran', 'Benjamin', 'Hodor', 'Rob', 'Little-finger']
++++++++++++++++++++++++++++++++++++++++++++++++++++++++++++++++++++++++++++++++++++++++++++++++
++++++++++++++++++++++++++++++++++++++++++++++++++++++++++++++++++++++++++++++++++++++++++++++++
++++++++++++++++++++++++++++++++++++++++++++++++++++++++++++++++++++++++++++++++++++++++++++++++

1_bonus1 --------------------------------------------------------------------------------
Group A: ['1', '2', '3', '4', '5', '6', '7', '8']
Group B: ['9', '10', '11', '12', '13', '14', '15', '16', '17', '18']
plotting.... ================================================================================================
done
++++++++++++++++++++++++++++++++++++++++++++++++++++++++++++++++++++++++++++++++++++++++++++++++
++++++++++++++++++++++++++++++++++++++++++++++++++++++++++++++++++++++++++++++++++++++++++++++++
++++++++++++++++++++++++++++++++++++++++++++++++++++++++++++++++++++++++++++++++++++++++++++++++

P1_bonus3 --------------------------------------------------------------------------------
Group A: ['1', '2', '3', '4', '5', '6', '10', '12', '14', '15']
Group B: ['7', '8', '9', '11', '13', '16', '17', '18']
